  00276262        12453880            1364                12453880.000000
  00276329        12972955            2631                12972955.000000
  00276336          635155             132                  635155.000000
  00276416         3894134             980                 3894134.000000
  00276511         5988485            1992                 5988485.000000
  00276689         5314467            2433                 5314467.000000
  00276778          430783             130                  430783.000000
  00276790          941878             374                  941878.000000
  00276952         3492176            1488                 3492176.000000
  00276954          417503             167                  417503.000000
  00278880        12771895            4891                12771895.000000
  00278912        10890509            4440                10890509.000000
  00278968         4824560            2257                 4824560.000000
  00279169        28681854           12304                28681854.000000
  00279259         3398058            1642                 3398058.000000
  00279279         8636581            4006                 8636581.000000
  00279284        15698710            7240                15698710.000000
  00279345        23676576           12017                23676576.000000
  00279515           99594              88                   99594.000000
  00279598        27836447           14881                27836447.000000
  00279685        31519825           16863                31519825.000000
  00279764         2629946            1561                 2629946.000000
  00279813        22465562           10690                22465562.000000
  00279867        11732819            6595                11732819.000000
  00279928          345640             271                  345640.000000
  00279932        18498231           10028                18498231.000000
  00279984        30899495           14417                30899495.000000
  00280231        38863293           19560                38863293.000000
  00280273          548271             361                  548271.000000
  00280319        37042230           20456                37042230.000000
  00280368         2814636            1831                 2814636.000000
  00280423        26065895           15216                26065895.000000
  00280464        21462402           13000                21462402.000000
  00280500         3409266            1634                 3409266.000000
  00280520         6422287            2735                 6422287.000000
  00280614         9032451            5495                 9032451.000000
  00280673        55904749           32494                55904749.000000
  00280753        14443493            9869                14443493.000000
  00280853         2733592            1657                 2733592.000000
  00280862        49250789           29026                49250789.000000
  00280950        47827601           28168                47827601.000000
  00280977        11717261            7594                11717261.000000
  00281070         4408995            2917                 4408995.000000
  00281074        15654592           10383                15654592.000000
  00281075          438686             246                  438686.000000
  00281317         7857695            5521                 7857695.000000
  00281385        35766381           19810                35766381.000000
  00281411        45207147           32642                45207147.000000
  00282625         5485314            2472                 5485314.000000
  00282631         9829580            6194                 9829580.000000
  00282712        31385769           21140                31385769.000000
  00282784         4046640             664                 4046640.000000
  00282992        35831753           23522                35831753.000000
  00283074        18933386           12353                18933386.000000
  00283155         9752472            6432                 9752472.000000
  00283270         4430658            2975                 4430658.000000
  00283429        79569604           52976                79569604.000000
  00283608         9606521            5472                 9606521.000000
  00283780        46435904           32404                46435904.000000
  00284006        11928929            8747                11928929.000000
  00284154         5821731            2277                 5821731.000000
  00284213        63189115           45114                63189115.000000
  00284285        76835679           54789                76835679.000000
  00284420        18187501           12974                18187501.000000
  00284427        10995023            8022                10995023.000000
  00284484        31754768           23246                31754768.000000
  00297730        14666349             781                14666349.000000
  00298595         3133859             199                 3133859.000000
  00298609         6288037             511                 6288037.000000
  00298633        13229931            1400                13229931.000000
  00298687        17971981            4793                17971981.000000
  00298690         1258445             358                 1258445.000000
  00298771         7061356            1917                 7061356.000000
  00298773         6837614            1883                 6837614.000000
  00298862        20220154            5534                20220154.000000
  00298967        27997456           12494                27997456.000000
  00299055        23880448           10187                23880448.000000
  00299144        14319022            6677                14319022.000000
  00299147        13938967            5440                13938967.000000
  00299184        35490989           20822                35490989.000000
  00299243         3304691            1297                 3304691.000000
  00299584        83821946           50077                83821946.000000
  00300279         2590933            1316                 2590933.000000
  00300345         1396892            1273                 1396892.000000
  00300415        23298781           21390                23298781.000000
  00300418         1026746            1337                 1026746.000000
  00300487        28433227           27270                28433227.000000
  00300540        35939700           40799                35939700.000000
  00300571        28876747           32342                28876747.000000
  00300600        10395148           11248                10395148.000000
  00300655        38976996           51447                38976996.000000
  00300687        58638253           74119                58638253.000000
  00300784         1241726            1557                 1241726.000000
  00300800        48096930           61155                48096930.000000
  00300863        58204420           72195                58204420.000000
  00300908        35726539           46435                35726539.000000
  00301912         2526693            1452                 2526693.000000
  00301915         1450964             825                 1450964.000000
  00301918         8233214            4490                 8233214.000000
  00301932        82526129           77469                82526129.000000
  00301973       100108843          101373               100108843.000000
  00302053        78400574           83863                78400574.000000
  00302137        39832205           43778                39832205.000000
  00302265        20774509           22404                20774509.000000
  00302269        13727415           12294                13727415.000000
  00302300        83588612           84416                83588612.000000
  00302347        39072724           43091                39072724.000000
  00302380        21222052           23534                21222052.000000
  00302391        28142740           28578                28142740.000000
  00302393       106733895          110280               106733895.000000
  00302737        18162166           18711                18162166.000000
  00302831         5555894            3673                 5555894.000000
  00302872       131571245          141872               131571245.000000
  00302919        10884376           14478                10884376.000000
  00302925        20417664           28670                20417664.000000
  00302956         4682913            6469                 4682913.000000
  00303007         2350962            3656                 2350962.000000
  00303079        15170741           22597                15170741.000000
  00303201        14596310           20477                14596310.000000
  00303208        87008115          117192                87008115.000000
  00303264         5633196            7119                 5633196.000000
  00303266        41740919           60356                41740919.000000
  00303291        26505956           37851                26505956.000000
  00303304        80740573          104966                80740573.000000
  00303338        90782421          113231                90782421.000000
  00303421        78990135          106869                78990135.000000
  00303499        70536091           92755                70536091.000000
  00303560        48916019           72372                48916019.000000
  00303638        75492934          102676                75492934.000000
  00303832        13919593           20695                13919593.000000
  00303846        71077917          108569                71077917.000000
  00303892        65779677          101614                65779677.000000
  00303943        60342124          102201                60342124.000000
  00304006        20930523           35153                20930523.000000
  00304008        61410138          103670                61410138.000000
  00304128        72853891          120475                72853891.000000
  00304178        53579736           93794                53579736.000000
  00304198        20173266           35181                20173266.000000
  00304211        16052307           28724                16052307.000000
  00304243        43859826           77246                43859826.000000
  00304308         3755004            6597                 3755004.000000
  00304337        51425359           90828                51425359.000000
  00304409        13470958           22152                13470958.000000
  00304431        18955902           32409                18955902.000000
  00304494         7892600           13375                 7892600.000000
  00305380        39218593           70998                39218593.000000
  00305543        34208100           40142                34208100.000000
  00305571         3553268            4270                 3553268.000000
  00305618        36949727           67727                36949727.000000
  00305671         3260271            5898                 3260271.000000
  00305674         2311425            4242                 2311425.000000
  00305723        29087519           53932                29087519.000000
  00305727         8430939           14564                 8430939.000000
  00305735        14849764           28487                14849764.000000
  00305777        39042835           70804                39042835.000000
  00305811        31880840           59628                31880840.000000
  00305920        30350299           57286                30350299.000000
  00306269        18815443           35739                18815443.000000
  00306278        46710498           85565                46710498.000000
  00306310        48415395           84497                48415395.000000
  00306384        26323954           43979                26323954.000000
  00306419        10910235           21139                10910235.000000
  00306442         3953031            7468                 3953031.000000
  00306448        12095541           23867                12095541.000000
  00306451        38956733           72916                38956733.000000
  00307126         6678358            6508                 6678358.000000
  00307195        24745704           48152                24745704.000000
  00307259        47891034           67463                47891034.000000
  00307306        21648529           42325                21648529.000000
  00307354         9815758           19268                 9815758.000000
  00307358        46725678           84131                46725678.000000
  00307394        44002449           79120                44002449.000000
  00307454        60677930          105646                60677930.000000
  00307514        23130069           44737                23130069.000000
  00307539         9105245           17081                 9105245.000000
  00307569        40510230           73051                40510230.000000
  00307601        36485000           68411                36485000.000000
  00307619         8266961           15845                 8266961.000000
  00307656        56807438           96950                56807438.000000
  00307710        10467936           19085                10467936.000000
  00307716        27266528           50419                27266528.000000
  00307732        69443419          116686                69443419.000000
  00307861        36073657           64816                36073657.000000
  00307935        52828779           91020                52828779.000000
  00308047        62119233          103852                62119233.000000
  00308084        44248093           77276                44248093.000000
  00309375        13082402           10184                13082402.000000
  00309390        50733479           62130                50733479.000000
  00309440        58970492           97986                58970492.000000
  00309516        48003561           81866                48003561.000000
  00309640        49249481           83585                49249481.000000
  00309674        44280492           76444                44280492.000000
  00309759        46515816           77263                46515816.000000
  00310015         2038023             495                 2038023.000000
  00310247         4365774            7120                 4365774.000000
  00310249        58443043           92419                58443043.000000
  00310341        56570797           92845                56570797.000000
  00310370         4488643            3702                 4488643.000000
  00310405        23313314           41361                23313314.000000
  00310468        19758243           34639                19758243.000000
  00310473        28671695           50998                28671695.000000
  00310634        72039752          117835                72039752.000000
  00310691        42630088           72384                42630088.000000
  00310738        57060346           87423                57060346.000000
  00310809        60744067           83875                60744067.000000
  00310863        15594412           26651                15594412.000000
  00310872        24421227           41653                24421227.000000
  00310969        25016508           38524                25016508.000000
  00311071        28475101           51315                28475101.000000
  00311170        48889697           81506                48889697.000000
  00311244        31614680           56530                31614680.000000
  00311287        47627258           82127                47627258.000000
  00311321        47805002           80488                47805002.000000
  00311365        38041073           62421                38041073.000000
  00311402        42759462           73431                42759462.000000
  00311473        12437510           22172                12437510.000000
  00311481        44605499           75014                44605499.000000
    302391           10000            4645                   10000.000000
    302392           10000            5016                   10000.000000
    302393           50000           26307                   50000.000000
    302394           10000            5567                   10000.000000
    302395           10000            5639                   10000.000000
    302396           50000           29286                   50000.000000
    302398           10000            6038                   10000.000000
    302400           10000            6009                   10000.000000
    302402           10000            5910                   10000.000000
    302404           10000            5872                   10000.000000
    302406           50000           29469                   50000.000000
    302407           50000           29709                   50000.000000
    302408           10000            5919                   10000.000000
    302409           50000           28696                   50000.000000
    302410           10000            5734                   10000.000000
    302411           35000           18977                   35000.000000
    302412           50000           24873                   50000.000000
    302413           50000           21921                   50000.000000
    302414           10000            4047                   10000.000000
    302415           50000           18170                   50000.000000
    306949           60000           31007                   60000.000000
    307358           10000            2952                   10000.000000
    307359           10000            3717                   10000.000000
    308092          500000          154749                  500423.929551
    308093          500000          180818                  500655.723163
    308094          500000            4776                  500312.368274
    308095         1000000               3                  999933.643616
    308096         1000000            1198                  998800.635598
    308097         1000000            1319                  998920.583152
    308098         1000000             187                  998973.244481
    308468           60000           33889                   60000.000000
    308469           60000           34222                   60000.000000
    308496          200000           98443                   10131.859433
    308499          200000          104454                    3566.329514
    308521          200000          113412                      76.732519
    308569           60000           38588                   60000.000000
    309743           60000           30658                   60000.000000
    309744           60000           32290                   60000.000000
    309745           60000           31336                   60000.000000
    309746           60000           32689                   60000.000000
    309747           60000           31179                   60000.000000
    309748           60000           32644                   60000.000000
    309749           60000           31432                   60000.000000
    309750           60000           34201                   60000.000000
    309751           60000           32888                   60000.000000
    309752           60000           31418                   60000.000000
    309753           60000           38632                   60000.000000
    309754           60000           37928                   60000.000000
    309755           60000           35513                   60000.000000
    309756           60000           34067                   60000.000000
    309757           60000           32687                   60000.000000
    309768           50000           22589                   50000.000000
    309769           50000           24171                   50000.000000
    309770           50000           25236                   50000.000000
    309771           50000           26524                   50000.000000
    309772           50000           27344                   50000.000000
    310179           60000           38965                   60000.000000
    310180           60000           38597                   60000.000000
    310181           60000           35390                   60000.000000
    310182           40000           26063                   40000.000000
    310183           60000           38903                   60000.000000
    310184           60000           31295                   60000.000000
    310796           40000           16567                   40000.000000
    310797           40000           16786                   40000.000000
    310798           40000           19626                   40000.000000
    310799           40000           17144                   40000.000000
    310840           40000           12472                   40000.000000
    341733          400000          163483                  400000.000000
    341734           10000            5099                   10000.000000
    341735           10000            5633                   10000.000000
    341736          400000          228474                  400000.000000
    341738          400000          232696                  400000.000000
    342282         2000000            3790                60391328.683380
    342283          300000            1042                 1148415.944253
    342284          100000            1109                  100000.000000
    342285          100000            3237                  100000.000000
    342286          100000             195                   41325.128543
    342287          100000             178                   -3350.881486
    343016           10000            4600                   10000.000000
    343017           10000            4810                   10000.000000
    343018           10000            4832                   10000.000000
    343019           10000            5053                   10000.000000
    343022           10000            5322                   10000.000000
    343024          400000          218120                  400000.000000
    343027           10000            5658                   10000.000000
    343030           10000            5825                   10000.000000
    343032           10000            5855                   10000.000000
    343033           10000            5892                   10000.000000
    343365         2915000         1005575                  140581.426061
    343366         4980000          299663                 2279007.479431
    343367         5000000           49805                 2290458.080668
    343504          100000           42304                    1787.869196
    343509           30000           14089                     166.094861
    343510           30000           14206                     128.835817
    343511           30000           14499                     104.108146
    343512           30000           14835                      84.516620
    343514           30000           15141                      60.066585
    343516           30000           15551                      25.305820
    343518          100000           52819                      38.386335
    343520           30000           16122                       5.729372
    343522           30000           16453                       3.066236
    343524          100000           55041                       5.808739
    343526           30000           16719                       0.621343
    343528           30000           16825                       0.240866
    343530           30000           16742                       0.101031
    343534          100000           56415                       0.071103
    344587           80000           36123                   80000.000000
    344588           80000           40035                   80000.000000
    344589           80000           43377                   80000.000000
    345043         4998000              32                 3237987.438382
    345044         4999900         1214509                 3236265.241017
    345045         5999000           25670                  205867.924337
    345053         1999900           11818                  350906.073237
    345054         3999950           23376                 1114715.390039
    345055         2999000         1203105                  228235.974688
    345056         2000000              37                  300453.345575
    345057          750000          336884                    4340.116968
    345058          500000              10                    5693.437834
    345109          999000            3182                  175417.677932
    345110         1998950            6154                  556696.538937
    345111         1620000          658733                  123349.674349
    345112         1999950              19                  300445.684532
    345113          750000          340539                    4340.116968
    345114          500000               6                    5693.437834
    345211          250000            5763                  135020.588036
    345212          250000            5744                  215515.156476
    345672         4948000           49648                 1530051.165784
    345673         4964000          299757                 3503513.785474
    345674         4991000         1725110                  474472.013101
    346310           99000            3322                   75399.764287
    346396         5980000           33140                 1665648.657673
    346397         2990000         1215607                  227510.260853
    346398         1997000              35                  300014.129364
    346399         2236000         1037084                   23687.199296
    346400          500000               9                    5689.679477
    361294          498000            2090                      15.294073
    361295          498000            5675                     285.223889
    361607          495000          113959                 1627087.515522
    363355         5400000              13                 3496611.893688
    363356         5400000         1363538                 3493297.569607
    363357         6000000              16                  559370.390577
    363358         5400000         1267721                  254404.249829
    363359         7194000            7469                 1076338.136888
    363360         7188000            7483                 1080428.409369
    363489         4800000            9104                  751284.274730
    364100         7158000          238062                 4824197.485228
    364101         3322000          221407                 1916244.176612
    364102         7133000          469943                 3683430.682768
    364103         3543000          896399                 1283103.627452
    364104         1996800          606424                  732465.502558
    364105         4232000         1277562                 1469824.705966
    364106         3781000         1649190                 2249050.526074
    364107         3000000         1435851                 1991088.330737
    364108        11608900         5704538                 8058346.349368
    364109         2000000         1204808                 1728411.311601
    364110          704600          426920                  648100.716729
    364111         1744400         1075980                 1635511.367674
    364112         2996500         1930000                 2980513.214441
    364113          997000          682444                 1017049.293507
    364114         4876000          128584                 3276072.682724
    364115         4999000          262957                 2872880.276420
    364116         7995600          421881                 4110178.060185
    364117         4356000          875699                 1589684.701109
    364118         1999200          490771                  724681.699915
    364119         5970000         1483637                 2083822.285541
    364120         4070000         1515477                 2438990.416158
    364121         2040000          827606                 1360533.527853
    364122        12439600         5224467                 8626709.418258
    364123         1999800         1014500                 1723396.105726
    364124          664900          339042                  610529.091655
    364125         1999850         1043362                 1875662.690188
    364126         2400000         1272784                 2375433.502270
    364127         1000000          546124                 1016520.833289
    364128         5322000            2838                 3581875.796055
    364129         4979000            5253                 2869441.986585
    364130         7995800            9227                 4114442.115225
    364131         3997500           20127                 1456847.060991
    364132         1334200            8094                  487290.026862
    364133         3999550           25685                 1399067.970810
    364134         4940000           56349                 2959723.056790
    364135         2000000           24259                 1334493.270458
    364136         3727950           48951                 2593324.634643
    364137         2000000           37389                 1678900.332077
    364138          665000           11840                  610850.679117
    364139         1983950           36866                 1860875.964687
    364140         2999800           61116                 2978478.474718
    364141         1000000           22658                 1018271.294646
    364142         9999000               0                 6606908.796466
    364143         7934000               0                 4500386.876761
    364144         7944000               0                 4009527.165899
    364145        13701000               0                 4922339.229978
    364146        14289800               2                 5177662.739376
    364147        19355500              20                 6780165.053227
    364148         8000000               9                 4740285.899002
    364149        12390500              18                 8219434.184841
    364150        10044900              57                 6965907.592269
    364151         4996400              16                 4314160.951065
    364152         3315500              19                 3054699.028248
    364153         8862350             191                 8329870.935002
    364154        10000000             201                 9942935.757778
    364155         5000000             353                 5127586.583328
    364156        24966000            1160                16783367.715215
    364157         9993000            1656                 5726997.700749
    364158        17485200            6814                10559843.078789
    364159         4990000            2194                 1836035.670567
    364160         9975200            9107                 3739738.716532
    364161          180000             442                   72379.987567
    364162        10000000           11207                 6228867.748728
    364163        13387300           27934                 9512303.278908
    364164        25000000          127876                18531580.763148
    364165         4999000           13132                 4376833.834797
    364166         2989000           10980                 2813148.816153
    364167         2939500           23626                 2816636.726889
    364168         5997500           34636                 6029336.825471
    364169         3998000           41535                 4108152.135787
    364170        24997000            1096                16788422.983434
    364171         9910500            1544                 5679456.922067
    364172        17482400            6048                10553785.923034
    364173        14815500            5882                 5415989.611953
    364174         9940400            8400                 3760767.332419
    364175        19801100           41824                 8029891.544809
    364176        10000000           10559                 6234702.265768
    364177        13411500           26167                 9528510.595715
    364178         1300000            6024                  965254.938568
    364179         4998800           12123                 4378414.323111
    364180         2999400           10331                 2812495.500159
    364181         1000000            7403                  959501.995898
    364182         5998600           31076                 6085450.809472
    364183         3409000           32203                 3519850.067588
    364184        24921000              80                16819156.769013
    364185         3330000              36                 1911776.839570
    364186        17483200             455                10626861.126148
    364187         4999000             200                 1838044.102715
    364188         9719000             876                 3666950.792797
    364189         9999000            2231                 4026450.520807
    364190         6665000            1042                 4149934.912608
    364191         5000000            1296                 3542886.354520
    364192        21599900           13198                16017873.659070
    364193         4999200            2108                 4382337.211932
    364194         1000000             559                  936349.950886
    364195          999000            1106                  956995.363627
    364196         1960000            1850                 1972573.895201
    364197         4000000            7525                 4113124.759368
    364222         3846200              82                 2709175.811276
    364223         1998300              99                 1470550.684253
    364242           60000            9814                    2281.579026
    364243           60000            9165                     696.352231
    364249           34000            3819                    1053.576987
    364250        12642900          969780                 5328494.050904
    364253        13627900         1393956                 4696600.352511
    364254        14996000         1846325                 5114801.434128
    364255         5999000            6062                 1750458.949532
    364283          299900           55444                  347963.185334
    364284         1498000          269484                 1729799.632694
    364286          499000          121521                  497697.303705
    364302          249000           80029                  249522.962256
    364303          248600               0                  249084.155900
    364304          328000             521                   72043.114539
    364305          350000             530                   76879.554767
    364336           50000           23724                    3941.570857
    364337           30000           15566                    2340.272065
    364338           15000            5433                    5388.975636
    364339            5000            1874                    1805.008418
    364424          495000          357390                       0.836272
    364425          495000              21                       2.806047
    364426          500000          357562                       3.588941
    364427          494000              15                      12.122758
    364428          499000            3952                      20.145229
    364429          500000            5026                     148.480852
    364500         4000000          113787                 2527665.023450
    364501         3000000          104389                 1948173.748804
    364502         1000000           42959                  621439.365624
    364503          487000           76685                  339651.795590
    364504          100000           44398                   73235.635094
    364505         4000000          151138                 2530281.627615
    364506         2956000          142972                 1916183.600979
    364507         1000000           61145                  617260.195462
    364508          498500          101178                  346700.618086
    364509          250000          128971                  183950.156972
    364510         4000000            2252                 2530873.670815
    364511         2862000            1742                 1861436.656445
    364512          996000             933                  615970.310422
    364513          496000            2439                  347146.571098
    364514          100000            1717                   73712.596903
    364518         4996000              44                 3245160.045474
    364519         4914000             107                 3491983.259624
    364521        12488000            2742                 7667713.889564
    364522        12997000            3403                 8320794.824850
    364523         1984000            1236                 1148822.917930
    364524          250000             579                  176487.731042
    364525          297500            2064                  245813.985082
    364526        11939000            3127                 7332617.013019
    364527        12998000            3799                 8265827.429379
    364528         2000000            1439                 1162545.955745
    364529          250000             675                  176180.043539
    364530          293500            2149                  244448.366580
    364531        12411000             266                 7621732.124720
    364532        12999000             389                 8294160.265131
    364533         1971000             213                 1143162.725501
    364534          247500             102                  175292.468427
    364535          294500             402                  243222.345586
    364848          979000            4089                      33.742202
    364849          998000           11347                     705.501111
    364850          997000            7856                      46.685205
    364851          993000              38                      28.116413
    364852          998000          713728                       8.289523
    364853          999000              38                       5.869849
    364854          995000          718342                       1.749884
    366010         4825000              22                 2155622.556988
    366011         3303000              10                 1778711.816412
    366012          240000               9                  199995.464799
    366013           73000               9                   70212.715736
    366014         2082000              19                 1356688.497400
    366015          270000               6                  230566.832343
    366016           87000               8                   83375.697994
    366017          369000              13                  305714.466542
    366019         4998000               0                 2259292.203283
    366020         5998400               5                 3000427.711371
    366028        19987000               6                 8525474.739375
    366029         9991000               7                 4536411.107556
    366032         4996200               5                 2480972.588100
    366034          439000               6                  392875.000911
    366035          798000               7                  478352.674466
    366088          500000          126203                  497200.792619
    410155         7497000          650094                 4110680.752182
    410156         1500000           56858                  232491.180384
    410157         3000000          121284                 1583158.620036
    410218         1410000          614019                   52012.904245
    410219         1410000          653898                   52021.837779
    410220          935000           96360                   34220.875033
    410252         8575000         2483608                  544639.922635
    410470        67872000         4446590             49558176268.753906
    410471        39885000            3587             29124112160.552002
    410472        69577000        20695519             50804584067.925781
    410560         1000000           97886                      43.743735
    410644         2000000            6951                 4056368.955808
    410645         2000000            7371                 2537965.303388
    410646         9987000          256895               379094181.707390
    410647         9994000          256396               379068450.213894
    410648         1000000          210030                 3999056.462175
    410649         1000000          210688                 3996367.691262
    410658         9581000           31150               354742255.468284
    410659         9523000           32282               211375288.946182
    450830           10000            3274                   10000.000000
    450831           10000            3053                   10000.000000
    450832           10000            2868                   10000.000000
    450858            9000            4067                    9000.000000
    450859           10000            4552                   10000.000000
    450860           10000            4684                   10000.000000
    450861           10000            4930                   10000.000000
    450862           10000            5132                   10000.000000
    450863           10000            5475                   10000.000000
    450864           10000            5489                   10000.000000
    450865           10000            5513                   10000.000000
    450866           10000            5394                   10000.000000
    450867            9000            4781                    9000.000000
    450868           10000            5037                   10000.000000
