  00325713        24094692           17321                24094692.000000
  00325790        12840594            9251                12840594.000000
  00326439          638754               9                  638754.000000
  00326446        10152343            8807                10152343.000000
  00326468         3057231             310                 3057231.000000
  00326551        25908163           28311                25908163.000000
  00326657        14485491           15856                14485491.000000
  00326695        24289480           25663                24289480.000000
  00326834        39565086           46697                39565086.000000
  00326870        10246939           13532                10246939.000000
  00326923        25313807           31732                25313807.000000
  00326945        28895633           35790                28895633.000000
  00327057        36588459           54198                36588459.000000
  00327103         9721263           17858                 9721263.000000
  00327265        42819424           77647                42819424.000000
  00327342        57430961          109476                57430961.000000
  00327490        43234714           75606                43234714.000000
  00327582         2898440            7615                 2898440.000000
  00327636        21105935           43435                21105935.000000
  00327662        31802697           64468                31802697.000000
  00327745         8471347           19208                 8471347.000000
  00327761          441993            1230                  441993.000000
  00327764        51857402          106547                51857402.000000
  00327860         6589729           14837                 6589729.000000
  00327862        26262982           53199                26262982.000000
  00328042        27491083           55333                27491083.000000
  00328099        43618832           89816                43618832.000000
  00328221         8347942           18627                 8347942.000000
  00328263        41370644           86514                41370644.000000
  00328333        25542481           55763                25542481.000000
  00328374         1081381            2461                 1081381.000000
  00328393        18316064           40403                18316064.000000
  00329716         6183735            9472                 6183735.000000
  00329778          281774             598                  281774.000000
  00329780        32580460           62705                32580460.000000
  00329829         5303320           11917                 5303320.000000
  00329835        11349103           22831                11349103.000000
  00329869        20389605           45539                20389605.000000
  00329964        17511118           39049                17511118.000000
  00330025        30267486           68197                30267486.000000
  00330074         7688752           18049                 7688752.000000
  00330079         8643268           19920                 8643268.000000
  00330101         1085217            2716                 1085217.000000
  00330160         3295550            8998                 3295550.000000
  00330166         1219716            3173                 1219716.000000
  00330203        45472799          102216                45472799.000000
  00330294        43937216          101820                43937216.000000
  00330470         8265401           19477                 8265401.000000
  00331033        14762891            6867                14762891.000000
  00331082          735147            2005                  735147.000000
  00331085        49768580          110683                49768580.000000
  00331129        49077516          104957                49077516.000000
  00331215        11918351           29773                11918351.000000
  00331239        47121407          110650                47121407.000000
  00331697         9412751           23312                 9412751.000000
  00331742        44461569          103352                44461569.000000
  00331772         5269852           14784                 5269852.000000
  00331804        48546662          113234                48546662.000000
  00331825        44931942          105648                44931942.000000
  00331860        32853549           77892                32853549.000000
  00331875        50640140          116171                50640140.000000
  00331905         3978870           10269                 3978870.000000
  00331951         8421683           22166                 8421683.000000
  00331975        55084181          102359                55084181.000000
  00332303        14226610           38081                14226610.000000
  00332304        20531137           48314                20531137.000000
  00332720          781060            1069                  781060.000000
  00332896         3452685            4906                 3452685.000000
  00332915        13663106           21126                13663106.000000
  00332953        15608398           26295                15608398.000000
  00332955         8289893           15173                 8289893.000000
  00333181        17780181           32871                17780181.000000
  00333192        18837777           36938                18837777.000000
  00333367        18921305           38024                18921305.000000
  00333380         7444638           15409                 7444638.000000
  00333426         6373816           13538                 6373816.000000
  00333469        10959684           22705                10959684.000000
  00333487        32504377           63840                32504377.000000
  00333519         7507318           16409                 7507318.000000
  00333650        24252263           46243                24252263.000000
  00333707        11058580           22595                11058580.000000
  00333778        32503594           62996                32503594.000000
  00333828        28174231           52841                28174231.000000
  00333853         6711414           13926                 6711414.000000
  00333904        14796471           27871                14796471.000000
  00333979        15970337           31812                15970337.000000
  00333994         1686478            4380                 1686478.000000
  00334264        16148554           20052                16148554.000000
  00334317        12288137           17698                12288137.000000
  00334350        38073429           37497                38073429.000000
  00334384         3618889            7227                 3618889.000000
  00334413        35732998           68395                35732998.000000
  00334443        33277596           62886                33277596.000000
  00334455         1063582            2121                 1063582.000000
  00334487        36269994           68840                36269994.000000
  00334564        15330939           27062                15330939.000000
  00334580         2066158            3776                 2066158.000000
  00334588        21288957           37397                21288957.000000
  00334637        15529231           27370                15529231.000000
  00334678        13434270           25224                13434270.000000
  00334737        29392816           55128                29392816.000000
  00334779        20963283           36061                20963283.000000
  00334842        12481501           20920                12481501.000000
  00334849        12583365           22196                12583365.000000
  00334878        18901603           34862                18901603.000000
  00334890        14910342           29386                14910342.000000
  00334907        26844927           53702                26844927.000000
  00334960        35697114           68979                35697114.000000
  00334993        35608790           69713                35608790.000000
  00335016         7493010           16230                 7493010.000000
  00335022        37545510           74213                37545510.000000
  00335056          455053            1031                  455053.000000
  00335082          967215             801                  967215.000000
  00335083        29695733           58406                29695733.000000
  00335131         8238550           16746                 8238550.000000
  00335170        34195043           66684                34195043.000000
  00335177        38015266           72576                38015266.000000
  00335222        36396524           71118                36396524.000000
  00335282        11498770           23191                11498770.000000
  00335290        18529643           36684                18529643.000000
  00336506        13518602           26012                13518602.000000
  00336548        37149806           75276                37149806.000000
  00336567        42996819           91238                42996819.000000
  00336630        47557433           96774                47557433.000000
  00336678        45300611           93570                45300611.000000
  00336719        29743996           64644                29743996.000000
  00336782        44915698           90628                44915698.000000
  00336832        51546183          107001                51546183.000000
  00336852        62769210          130760                62769210.000000
  00336915        41577879           82618                41577879.000000
  00336927        49472574           98025                49472574.000000
  00336944        16156812           37347                16156812.000000
  00336998        17318027           40199                17318027.000000
  00337005        14084829           33395                14084829.000000
  00337052        43968080           88261                43968080.000000
  00337107        43858935           94625                43858935.000000
  00337156         7573059           18581                 7573059.000000
  00337176        49928290          106093                49928290.000000
  00337215        48822686          103094                48822686.000000
  00337263        49228933          103425                49228933.000000
  00337335        26020941           59847                26020941.000000
  00337371        23325681           41587                23325681.000000
  00337404        18507223           43816                18507223.000000
  00337451        50959067          108754                50959067.000000
  00337491        33381536           75953                33381536.000000
  00337542        37442503           83734                37442503.000000
  00337662        56554684          119963                56554684.000000
  00337705        51881136          112398                51881136.000000
  00337833        66811944          138143                66811944.000000
  00338183        55242015          119649                55242015.000000
  00338220        65112102          140017                65112102.000000
  00338259        36674731           86671                36674731.000000
  00338263        58438939          128341                58438939.000000
  00338349        52980329          118337                52980329.000000
  00338377        72930462           56482                72930462.000000
  00338480        46285330          104355                46285330.000000
  00338498        39486074           91912                39486074.000000
  00338608        54602184           49493                54602184.000000
  00338675         4748317           12678                 4748317.000000
  00338712        55419806          121078                55419806.000000
  00338767        49354010          116831                49354010.000000
  00338834         6208648           16517                 6208648.000000
  00338846        56765485          130331                56765485.000000
  00338897        49368861          116714                49368861.000000
  00338933        54049571          121561                54049571.000000
  00338967        13832017           35265                13832017.000000
  00338987        52715800           88065                52715800.000000
  00339037        60101390          141688                60101390.000000
  00339070        55782998          132917                55782998.000000
  00339205        24878736           65186                24878736.000000
  00339346         3898509           11704                 3898509.000000
  00339387        45221169          110973                45221169.000000
  00339396        24056985           66509                24056985.000000
  00339435        59187270           96717                59187270.000000
  00339500        19171110           49830                19171110.000000
  00339535        23737905           64626                23737905.000000
  00339562        16140640           41274                16140640.000000
  00339590         4969065            7364                 4969065.000000
  00339758        53658985          136001                53658985.000000
  00339849        48102908          115717                48102908.000000
  00339957        68668316          134289                68668316.000000
  00340030        73222893          166933                73222893.000000
  00340072        78709382          175546                78709382.000000
  00340368        41378489          103010                41378489.000000
  00340453        71475531          160312                71475531.000000
    302391           10000            4519                   10000.000000
    302392           10000            5014                   10000.000000
    302393           59000           30815                   59000.000000
    302394           10000            5527                   10000.000000
    302395           10000            5639                   10000.000000
    302396           60000           34918                   60000.000000
    302398           10000            5793                   10000.000000
    302400           10000            6012                   10000.000000
    302402           10000            5982                   10000.000000
    302404           10000            5981                   10000.000000
    302406           60000           35074                   60000.000000
    302407           10000            6004                   10000.000000
    302408           10000            5755                   10000.000000
    302409           10000            5814                   10000.000000
    302410           10000            5611                   10000.000000
    302411           45000           24436                   45000.000000
    302412           10000            5014                   10000.000000
    302413           60000           26235                   60000.000000
    302414           10000            3989                   10000.000000
    302415           60000           21943                   60000.000000
    307358           10000            2996                   10000.000000
    307359           10000            3654                   10000.000000
    307513          380000          220926                      74.003867
    308092          630000          193743                  630389.023704
    308093          630000          225658                  630868.206886
    308094          630000            5693                  629342.387457
    308095         1150000               3                 1149822.052401
    308096         1250000            1556                 1248469.204459
    308097         1249000            1688                 1247558.994595
    308098         1249000             258                 1247820.230127
    308468           80000           44233                   80000.000000
    308469           80000           44823                   80000.000000
    308496          250000          121305                   12643.406190
    308499          250000          127958                    4440.056521
    309743           80000           40806                   80000.000000
    309744           60000           31759                   60000.000000
    309745           80000           40534                   80000.000000
    309746           80000           42963                   80000.000000
    309747           80000           41074                   80000.000000
    309748           80000           43034                   80000.000000
    309749           80000           40951                   80000.000000
    309750           78000           43532                   78000.000000
    309751           80000           42668                   80000.000000
    309752           80000           41201                   80000.000000
    309753           80000           50933                   80000.000000
    309754           80000           50517                   80000.000000
    309755           80000           46508                   80000.000000
    309756           80000           44464                   80000.000000
    309757           80000           42772                   80000.000000
    309768           49000           21697                   49000.000000
    309769           49000           23490                   49000.000000
    309770           50000           25060                   50000.000000
    309771           50000           26431                   50000.000000
    309772           50000           27165                   50000.000000
    310179           80000           51516                   80000.000000
    310180           80000           50971                   80000.000000
    310181           80000           46340                   80000.000000
    310182           80000           51513                   80000.000000
    310183           80000           51326                   80000.000000
    310184           80000           40505                   80000.000000
    310796           40000           16160                   40000.000000
    310797           40000           16763                   40000.000000
    310798           40000           19251                   40000.000000
    310799           40000           16809                   40000.000000
    341421         1050000          109509                   60990.684860
    341422           50000            9405                    2921.802265
    341423         1045000          103797                   60680.032930
    341424           50000           10196                    2926.954530
    341427           50000            3476                    2934.196495
    341428           45000            1413                    2637.278220
    341429          290000           30379                   27382.487980
    341430           50000            9197                    4735.542659
    341431         1050000          104491                   99135.352430
    341432           50000            9780                    4730.560261
    341435           50000            3582                    4736.125539
    341436           50000            1571                    4734.388911
    341733          498000          201464                  498000.000000
    341734           10000            5106                   10000.000000
    341735           10000            5514                   10000.000000
    341736          440000          249597                  440000.000000
    341738          498000          288697                  498000.000000
    342282         1991000            4041                60117886.420780
    342283          300000            1058                 1152195.774309
    342284          100000            1019                  100000.000000
    342286          100000             216                   43226.167257
    342287          100000             202                   -3333.459868
    343016           10000            4732                   10000.000000
    343017           10000            4701                   10000.000000
    343018           10000            4676                   10000.000000
    343019           10000            4878                   10000.000000
    343022           10000            5309                   10000.000000
    343024          500000          270903                  500000.000000
    343027           10000            5630                   10000.000000
    343030           10000            5780                   10000.000000
    343032           10000            5758                   10000.000000
    343033            9000            5241                    9000.000000
    343366         4180000          244194                 1914860.954749
    343367         2020000           19526                  922834.783475
    343504          499000          207906                    8802.313212
    343509           30000           13765                     160.930846
    343510           30000           14100                     129.785286
    343511           30000           14432                     105.629120
    343512           30000           14666                      84.565294
    343514           30000           14755                      58.103473
    343516           30000           15254                      24.840730
    343518          500000          261573                     195.405763
    343520           30000           15944                       5.523417
    343522           30000           16206                       3.082712
    343524          497000          270996                      29.068828
    343526           30000           16565                       0.609643
    343528           30000           16587                       0.245907
    343530           30000           16794                       0.101852
    343534          498000          279358                       0.357934
    344587           80000           35430                   80000.000000
    344588          100000           49650                  100000.000000
    344589          100000           53832                  100000.000000
    345043         6256000              44                 4049413.969007
    345044         6059000         1468817                 3936080.348362
    345045         7497000           31645                  257699.678879
    345053         1999950           11773                  350871.296546
    345054         3993700           22907                 1112980.505605
    345055         2999950         1191907                  228273.335811
    345056         1999700              38                  300335.485644
    345057          745000          331368                   15079.887724
    345058          499000              20                    5685.469866
    345109          859950            2746                  150809.076224
    345110         5955800           18708                 1660181.070641
    345111         2386000          957245                  181574.536816
    345112          910000               9                  136681.960536
    345113          739000          330661                    4261.708085
    345114          500000               2                    5696.843271
    345211          249000            6268                  134462.833200
    345212          250000            6202                  215422.206073
    345217          464100           11176                  353111.830940
    345935         4050000          318610              2948751359.348755
    345951          450000            7906               328046902.445801
    346031         6229600          110827              4484859385.999634
    346310          148000            4807                  112575.066949
    346400         1406000              20                   64099.011161
    361607         1226000          275911                 4017000.776564
    363355         5399000              10                 3490355.381650
    363356         4440000         1105803                 2871347.634571
    363357         5998000              11                  555940.206339
    363358        26911000         6275720                 1267165.270967
    363359        35904000           39015                 5370566.941446
    363360        14372000           15071                 2149924.584563
    363489        35925000           69843                 5628089.087317
    364100         5129000          207225                 3470008.539349
    364101         6199000          486261                 3576209.472665
    364102         9621000          761603                 4966492.606713
    364103         7478000         1937879                 2717596.446847
    364104         2494800          758328                  902414.369021
    364105         7468600         2324052                 2606755.737784
    364106         4644000         2011323                 2764740.866815
    364107         3620000         1721026                 2405773.245850
    364108        15628900         7623543                10833133.075694
    364109         1960500         1164545                 1686151.055167
    364110               0               0                       0.000000
    364111         2379300         1444674                 2233326.840687
    364112         3746500         2379385                 3725326.760743
    364113         1250000          843602                 1274067.229662
    364114         8558000          269728                 5751899.766493
    364115         5251000          324358                 3015419.406459
    364116         9992800          621090                 5139202.169442
    364117         7384500         1514677                 2702655.209947
    364118         2495000          615823                  907295.319330
    364119         7492600         1886966                 2628718.293706
    364120         6250000         2298022                 3744160.056808
    364121         3748000         1494396                 2499776.795538
    364122        15302200         6322653                10639298.679336
    364123         2329800         1162808                 2006572.897131
    364124         1250000          623503                 1147074.096441
    364125         4990500         2550205                 4681780.227200
    364126         3712000         1935168                 3677712.001134
    364127         1029800          553844                 1046688.089730
    364128         9998000            6380                 6726281.149512
    364129         6137500            7514                 3532960.237736
    364130         9994000           13316                 5137387.928969
    364131         7498500           38901                 2755702.598513
    364132         2499000           15178                  903049.705499
    364133         5999000           39163                 2104452.317243
    364134         6228000           69620                 3734850.538126
    364135         2939900           34981                 1960319.815767
    364136         6213000           78941                 4324785.165015
    364137         2499000           45075                 2155327.639877
    364138         1233900           21446                 1133852.680416
    364139         2497200           45520                 2343161.416265
    364140         3749600           74293                 3723236.229741
    364141         1250000           27626                 1272900.203109
    364142         9978000               0                 6574719.049928
    364143         7999000               1                 4542238.145364
    364144         8000000               2                 4013221.160554
    364145        14946000               2                 5424392.640331
    364146        14916400               3                 5401266.426735
    364147        19975900              23                 6977188.537946
    364148        14986600              11                 8881579.200987
    364149        12498700              19                 8291258.320711
    364150         9990950              63                 6931624.563504
    364151         4538800              24                 3927136.508017
    364152         3497700              25                 3225245.147133
    364153        17981950             406                16911950.978454
    364154         9999500             197                 9949077.674943
    364155         5000000             371                 5118145.649899
    364156        31191850            1979                20980416.126525
    364157         2496500             537                 1428831.316918
    364158         4364800            2066                 2641800.700745
    364159        18620000            9413                 6809091.182864
    364160         9973400           10056                 3791862.381200
    364161        25148250           59483                10251557.926743
    364162         2461000            2918                 1530853.907506
    364163         1871000            3920                 1325990.239742
    364164        26415600          132521                19595421.329192
    364165         1231200            3396                 1078055.549416
    364166          748900            2835                  701718.972042
    364167         7541850           58937                 7227230.847255
    364168         7498000           43153                 7537726.061463
    364169         5000000           53105                 5139781.523237
    364170        23203350            1339                15602321.651463
    364171         2497500             534                 1431456.859089
    364172         9995150            4086                 6046179.210667
    364173        14830000            6838                 5443097.886511
    364174         9931000            9084                 3750691.422239
    364175         9904000           21478                 4036782.037312
    364176         2500000            2847                 1557748.445667
    364177         7499000           15056                 5321768.196886
    364178        31859000          148424                23622685.385286
    364179         4758000           11902                 4164725.819600
    364180          749900            2543                  703072.511185
    364181         7476850           54107                 7164743.583457
    364182         7494700           39118                 7522018.711003
    364183         8893000           84213                 9181308.679551
    364184        31110000             127                20991167.738533
    364185        12443600             177                 7153489.514357
    364186        21824500             614                13264431.697059
    364188         9889000             957                 3757931.649642
    364189         9977850            2278                 4030469.586129
    364190         2500000             357                 1558627.241754
    364191         1875000             504                 1334070.001105
    364192        25543100           15110                18952189.754663
    364193         4989200            2165                 4371074.275410
    364194         2999200            1603                 2811929.067504
    364195         2993000            3121                 2868326.778675
    364196         1500000            1441                 1509696.545288
    364197         4589800            8782                 4710921.656210
    364222         2799200              63                 1975158.305823
    364223         1996200             122                 1465725.714003
    364242           60000            9821                    2281.180045
    364243           60000            9697                     697.516760
    364249           35000            4045                    1079.672165
    364250        35745900         2871426                15079787.031022
    364253        20289900         2124671                 6989184.748493
    364254        22435000         2779151                 7660393.597552
    364255         5997000            6254                 1757746.954904
    364283          380000           71999                  427260.948458
    364284         1797000          320966                 2068801.500007
    364286         1250000          300426                 1247210.318129
    364302          318400          101398                  319070.951565
    364303          319400               0                  320029.084830
    364304          440000             727                   96645.751291
    364305          440000             783                   96643.769505
    364336           50000           24316                    3953.589410
    364337           30000           14981                    2347.369188
    364338           15000            5510                    5428.389530
    364339            5000            1904                    1786.565489
    364505         1000000           44188                  631652.688770
    364506          750000           40085                  485861.914855
    364513          618000            2938                  431512.457956
    364522        16206000            4674                10373071.500036
    364523          650000             469                  375489.455623
    364524           62500             173                   44021.489441
    364525          248000            1779                  205236.078618
    364527        16235000            5417                10348547.724439
    364528         2499000            1942                 1447619.237463
    364529          250000             728                  176230.837755
    364530          366000            2658                  301357.159148
    364532        12999000             394                 8287280.698671
    364533         2499000             294                 1452709.613674
    364534          247000             109                  173444.555459
    364535          372000             484                  307101.471475
    364848         1148000            4818                      39.565925
    364849         1100000           11880                     777.710477
    364850         1197000            8985                      56.044841
    364851         1197000              43                      33.873040
    364852         1187000          832758                       9.857811
    364853         1198000              34                       7.038281
    364854         1194000          848167                       2.099415
    366010         6043000              21                 2700894.975040
    366011         4106000              20                 2212215.296796
    366012          240000               5                  200317.697841
    366013           99780               5                   95739.653365
    366014         2994337              18                 1949490.551872
    366015          298273              10                  254759.019596
    366016           99363               7                   95058.289989
    366017          368000              15                  304822.173977
    366019         6248750               5                 2824225.827311
    366020         7499050               8                 3748578.960143
    366028        20984000               8                 8958868.701111
    366029        12494000               4                 5665984.352517
    366032         6239600              11                 3101282.477398
    366035          998000               7                  598596.520097
    366088          650000          162820                  646262.288690
    366300        15552000          631725                 9686057.379640
    366301         1921000          149354                 1020237.909460
    366303        12599000         3112864                 4297908.164768
    366304         1000000          297915                  338576.045536
    366306         2996000         1282934                 1624652.317385
    366309         3420000          109345                 2127010.909184
    366310         3991000          239895                 2116591.197303
    366312         1800000          356339                  614923.829995
    366313         4596000         1115138                 1549516.136317
    366315         1540000          569071                  833402.974683
    407345         8237500          538117              5933421620.419556
    407347         2258700          154932              1557247968.562195
    410155         6697000          569047                 3673437.583403
    410156         1500000           55462                  232220.941647
    410157         2370000           93244                 1252098.382637
    410218         1337000          580228                   49255.100759
    410219         1339000          617366                   49331.134025
    410220          900000           90087                   32785.089949
    410252         9963000         2832655                  629188.367921
    410470       107846000         6915811             78745617551.937622
    410471        26074000            2208             19038563273.572266
    410472        94438000        27527592             68956835291.362305
    410645         2500000            9300                 3171824.083278
    410646        12475000          322830               473547385.997658
    410647        12456000          322135               472449817.959282
    410648         1250000          266087                 4999372.782690
    410649          249000           53203                  994927.542850
    410658        12452000           39703               460952520.941755
    410659        11936000           41219               264945146.988373
    411179         5950000           76340                35025485.859223
    450830           10000            3286                   10000.000000
    450831           10000            3061                   10000.000000
    450832           10000            2896                   10000.000000
    450859           10000            4540                   10000.000000
    450860           10000            4619                   10000.000000
    450861           10000            4884                   10000.000000
    450862           10000            5101                   10000.000000
    450863           10000            5397                   10000.000000
    450864           10000            5414                   10000.000000
    450865           10000            5492                   10000.000000
    450866           10000            5340                   10000.000000
    450867           10000            5241                   10000.000000
    450868           10000            5055                   10000.000000
