  00348885        20909805           26835                20909805.000000
  00348894          870651            1060                  870651.000000
  00348895        15200922           19427                15200922.000000
  00349011        12683674           16776                12683674.000000
  00349014        20444818           43109                20444818.000000
  00349033        20343999           43194                20343999.000000
  00349051        10933596           22720                10933596.000000
  00349111        16406981           36720                16406981.000000
  00349114        27438810           61726                27438810.000000
  00349169        27482817           59151                27482817.000000
  00349268        31936101           71247                31936101.000000
  00349309        35103684           89139                35103684.000000
  00349327         2594838            7601                 2594838.000000
  00349335        10601327           28634                10601327.000000
  00349451        45915942          114100                45915942.000000
  00349481        40023357          102966                40023357.000000
  00349498        28728698           70518                28728698.000000
  00349526        28922693           79022                28922693.000000
  00349533        15542974           19269                15542974.000000
  00349534         1271031            3269                 1271031.000000
  00349582         8860716           26456                 8860716.000000
  00349592         9549042           28623                 9549042.000000
  00349637        44496975          116441                44496975.000000
  00349646        25468023           69142                25468023.000000
  00349693        28697762           79705                28697762.000000
  00349841         3236848            7073                 3236848.000000
  00349842        18657944           50657                18657944.000000
  00349944        44296679          116170                44296679.000000
  00349977        10588066           31280                10588066.000000
  00350013        44530749          111023                44530749.000000
  00350067        21231154           59864                21231154.000000
  00350121        48062470          124455                48062470.000000
  00350144        51411952          134120                51411952.000000
  00350160        49264533          129933                49264533.000000
  00350184        47844426          121337                47844426.000000
  00350220         2156942            5012                 2156942.000000
  00350310        11314285           21283                11314285.000000
  00350361        22854944           45670                22854944.000000
  00350440        31316482           76802                31316482.000000
  00350479        32838814           83967                32838814.000000
  00350531        32822794           90091                32822794.000000
  00350682        42111859          108380                42111859.000000
  00350749        15250579           44915                15250579.000000
  00350751        10504998           21223                10504998.000000
  00350803        36296214           98914                36296214.000000
  00350842        31623721           87495                31623721.000000
  00350848        43054357          110336                43054357.000000
  00350880        38209386          103185                38209386.000000
  00350923        49101536          128318                49101536.000000
  00351062        27855832           77280                27855832.000000
  00351160         3897456           10585                 3897456.000000
  00351223        41973211          111069                41973211.000000
  00351296        14043314           41502                14043314.000000
  00351325        23488549           64764                23488549.000000
  00351359          737970            2329                  737970.000000
  00351364        42696009          113660                42696009.000000
  00351455        34565586           96130                34565586.000000
  00351550        14261577           40952                14261577.000000
  00351628         7783069           15318                 7783069.000000
  00351636        44919174          111175                44919174.000000
  00351671        47415065          116834                47415065.000000
  00351698        19223885           56320                19223885.000000
  00351832         4592186           13777                 4592186.000000
  00351894        42884021          111517                42884021.000000
  00351969        42786415          111329                42786415.000000
  00352056        37998451          100675                37998451.000000
  00352107         8352759           22399                 8352759.000000
  00352274         8889946           26700                 8889946.000000
  00352340        44602270          117564                44602270.000000
  00352394        45594603          117307                45594603.000000
  00352436        41338348          104731                41338348.000000
  00352448        46478225          121164                46478225.000000
  00352494         9744790           29518                 9744790.000000
  00352514        19649255           45418                19649255.000000
  00355261        28429677           51167                28429677.000000
  00355273        11464849           21128                11464849.000000
  00355529         5927651           16596                 5927651.000000
  00355544        37615106           92779                37615106.000000
  00355563        21554258           54861                21554258.000000
  00355599         8651185           23920                 8651185.000000
  00355650         1212759            3395                 1212759.000000
  00355651        12474859           23538                12474859.000000
  00355754        45148392          108150                45148392.000000
  00355848         8665477           17230                 8665477.000000
  00355861        21027522           35056                21027522.000000
  00355877         6009830           14206                 6009830.000000
  00355995        41249442          102537                41249442.000000
  00356077        10713495           29414                10713495.000000
  00356095         6173562           17266                 6173562.000000
  00356124        50006610          120544                50006610.000000
  00356177        41504520          101064                41504520.000000
  00356205        28825408           73092                28825408.000000
  00356250        37717501           94677                37717501.000000
  00356259        40069248          100851                40069248.000000
  00357193        17147768           22333                17147768.000000
  00357283        14143348           33915                14143348.000000
  00357293         6264784           17114                 6264784.000000
  00357355        10717626           29388                10717626.000000
  00357409        41447255           95384                41447255.000000
  00357451        46202201          102808                46202201.000000
  00357500        26300977           67620                26300977.000000
  00357539        41918046          101776                41918046.000000
  00357620        13084450           35917                13084450.000000
  00357679        47916466          113576                47916466.000000
  00357713        34669139           81924                34669139.000000
  00357750         3703957           10700                 3703957.000000
  00357772         9666408           19452                 9666408.000000
  00357821        42298066           98489                42298066.000000
  00357887        42063051           98736                42063051.000000
  00357962        35869073           80573                35869073.000000
  00358031        45274138          107211                45274138.000000
  00358096        30075754           65619                30075754.000000
  00358115        39678594           68052                39678594.000000
  00358175        32050813           81846                32050813.000000
  00358215        18141319           48164                18141319.000000
  00358233        44883864          108116                44883864.000000
  00358300        26697858           49709                26697858.000000
  00358325         1002367            2939                 1002367.000000
  00358333        35810002           91468                35810002.000000
  00358395        69509153          157831                69509153.000000
  00358516        47408505          113406                47408505.000000
  00358541        48930421          118089                48930421.000000
  00358577        41551101          101099                41551101.000000
  00358615        47336991          114047                47336991.000000
  00358656        45302216          105887                45302216.000000
  00358985         9704023           25741                 9704023.000000
  00359010        47154371          114479                47154371.000000
  00359058        40506816           95398                40506816.000000
  00359124        43687484          103306                43687484.000000
  00359170         6623813           18121                 6623813.000000
  00359171        46520950          112397                46520950.000000
  00359191        46646679          111846                46646679.000000
  00359279        14212488           37749                14212488.000000
  00359286        24772615           62507                24772615.000000
  00359310        47363119          111692                47363119.000000
  00359355        24352707           62970                24352707.000000
  00359398         9441488           25305                 9441488.000000
  00359441        13681742           37699                13681742.000000
  00359472        48729612          116463                48729612.000000
  00359541        45231088          108740                45231088.000000
  00359586         1281243            3606                 1281243.000000
  00359593        43751453          106285                43751453.000000
  00359623         1354445            3739                 1354445.000000
  00359677          798195            2227                  798195.000000
  00359678        21242680           56511                21242680.000000
  00359717        30689034           79703                30689034.000000
  00359735        25616528           67746                25616528.000000
  00359766        29386068           76002                29386068.000000
  00359823        43589300          107922                43589300.000000
  00359872        47103713          115434                47103713.000000
  00359918        39920102           98253                39920102.000000
  00360026        45083684          109212                45083684.000000
  00360063        28278025           70082                28278025.000000
  00360129        38202150           94600                38202150.000000
  00360161        24646462           62909                24646462.000000
  00360209        16062898           42494                16062898.000000
  00360244        15033041           37657                15033041.000000
  00360293        41565151           98958                41565151.000000
  00360309        43024635          101980                43024635.000000
  00360348          269508             823                  269508.000000
  00360373        37671620           94784                37671620.000000
  00360402        29345012           71954                29345012.000000
  00361738        35100458           87177                35100458.000000
  00361795        40342465           98062                40342465.000000
  00361862        47482729          111114                47482729.000000
  00362204        45080847          105894                45080847.000000
  00362297        36676099           89357                36676099.000000
  00362345        27314710           69391                27314710.000000
  00362354        29786991           74474                29786991.000000
  00362388        27944662           69715                27944662.000000
  00362445        23134522           58240                23134522.000000
  00362552        41977194          101859                41977194.000000
  00362619        29704433           74628                29704433.000000
  00362661        35604748           87181                35604748.000000
  00362776        41034192          101448                41034192.000000
  00363033        46012079          102305                46012079.000000
  00363096         7206597           19406                 7206597.000000
  00363129        39875501           94226                39875501.000000
  00363198        50488134          113347                50488134.000000
  00363262        17465387           44687                17465387.000000
  00363400        21375991           54729                21375991.000000
  00363664         5012993            5577                 5012993.000000
  00363710        49815471          111879                49815471.000000
  00363738        42038921           97499                42038921.000000
  00363830        51179554          116839                51179554.000000
  00363910        39683097           91840                39683097.000000
  00363947         4390272           11581                 4390272.000000
  00363979        52849725          120911                52849725.000000
  00364030        51398145          117688                51398145.000000
  00364076        37732652           89330                37732652.000000
  00364098        40106573           97303                40106573.000000
  00364160        11497069           30292                11497069.000000
  00364214        51741102          121234                51741102.000000
  00364292        42998169           94326                42998169.000000
    302391           20000            9143                   20000.000000
    302392           20000            9945                   20000.000000
    302393           50000           26187                   50000.000000
    302394           19900           10973                   19900.000000
    302395           20000           11230                   20000.000000
    302396           50000           29036                   50000.000000
    302398           20000           11564                   20000.000000
    302400           20000           12021                   20000.000000
    302402           20000           12030                   20000.000000
    302404           20000           12031                   20000.000000
    302406           50000           29440                   50000.000000
    302407           50000           29468                   50000.000000
    302408           20000           11582                   20000.000000
    302409           50000           28573                   50000.000000
    302410           20000           11400                   20000.000000
    302411           50000           27148                   50000.000000
    302412           50000           24788                   50000.000000
    302413           50000           22051                   50000.000000
    302414           20000            8036                   20000.000000
    302415           50000           18143                   50000.000000
    307358           20000            5939                   20000.000000
    307359           20000            7392                   20000.000000
    307513          327000          190421                      63.643372
    308092          838000          258980                  838458.895959
    308093          838000          295103                  839218.620797
    308094          832000            7741                  832480.630415
    308095         1668000               6                 1668056.014660
    308096         1655000            1993                 1653295.824378
    308097         1660000            2188                 1658057.426393
    308098         1658000             335                 1656625.346911
    308468          100000           55552                  100000.000000
    308469          100000           55940                  100000.000000
    308496          330000          159111                   16300.256638
    308499          330000          167448                    5803.573955
    309743          100000           50882                  100000.000000
    309744          100000           52836                  100000.000000
    309745          100000           50992                  100000.000000
    309746          100000           53129                  100000.000000
    309747          100000           51335                  100000.000000
    309748          100000           53612                  100000.000000
    309749          100000           51414                  100000.000000
    309750          100000           55919                  100000.000000
    309751          100000           53602                  100000.000000
    309752          100000           51291                  100000.000000
    309753          100000           63790                  100000.000000
    309754          100000           62941                  100000.000000
    309755          100000           58306                  100000.000000
    309756          100000           55629                  100000.000000
    309757          100000           53487                  100000.000000
    309768           50000           22278                   50000.000000
    309769           50000           23832                   50000.000000
    309770           49000           24519                   49000.000000
    309771           50000           26427                   50000.000000
    309772           50000           27289                   50000.000000
    310179          100000           64865                  100000.000000
    310180          100000           64032                  100000.000000
    310181          100000           57919                  100000.000000
    310182          100000           64531                  100000.000000
    310183          100000           64333                  100000.000000
    310184          100000           50677                  100000.000000
    310796           40000           16206                   40000.000000
    310797           40000           16500                   40000.000000
    310798           40000           19231                   40000.000000
    310799           40000           16672                   40000.000000
    341421         1749000          179955                  103640.350876
    341422           49000            9178                    2871.147125
    341423         1749000          172002                  103634.021143
    341424           50000           10124                    2924.351859
    341427           50000            3520                    2924.681984
    341428           45000            1475                    2626.909801
    341429         1750000          180723                  169881.230236
    341430           50000            9175                    4743.443311
    341431         1748000          172442                  169667.904643
    341432           45000            9204                    4257.468676
    341435           50000            3742                    4744.977099
    341436           47000            1555                    4454.632368
    341733           98000           39458                   98000.000000
    341734           20000            9986                   20000.000000
    341735           20000           11101                   20000.000000
    341736          100000           56781                  100000.000000
    341738          100000           57870                  100000.000000
    342282         3029000            5982                91464019.058899
    342283          300000            1025                 1148146.118820
    342284          100000             972                  100000.000000
    342285          100000            3321                  100000.000000
    342286          100000             194                   42662.748749
    342287          100000             207                   -3382.208339
    342909           30000           18991                    1946.525679
    342913           30000           23066                    1149.493896
    342916           30000           23663                     353.163593
    342921           30000           23717                      17.084088
    342926           30000           23084                       1.928928
    342929           30000           24029                      46.996863
    342930           30000           22863                       4.262439
    342933           30000           23929                      24.674199
    342934           30000           22892                       2.548165
    343016           20000            9160                   20000.000000
    343017           20000            9459                   20000.000000
    343018           20000            9579                   20000.000000
    343019           20000            9768                   20000.000000
    343022           20000           10489                   20000.000000
    343024          100000           54055                  100000.000000
    343027           20000           11374                   20000.000000
    343030           20000           11653                   20000.000000
    343032           20000           11535                   20000.000000
    343033           20000           11587                   20000.000000
    343504           98000           40671                    1730.751981
    343509           40000           18288                     208.300137
    343510           40000           18906                     173.365205
    343511           40000           18961                     137.460700
    343512           40000           19185                     117.459849
    343514           40000           20006                      77.400054
    343516           40000           20592                      33.080976
    343518          100000           52662                      39.420101
    343520           40000           21383                       7.683220
    343522           40000           21558                       4.256967
    343524          100000           54594                       5.922852
    343526           40000           22046                       0.818910
    343528           40000           22301                       0.315998
    343530           40000           22274                       0.133272
    343534          100000           56000                       0.071303
    344587          130000           57890                  130000.000000
    344588          130000           64248                  130000.000000
    344589          130000           69726                  130000.000000
    345043        12470000              86                 8077565.959910
    345044        12484000         3007455                 8080413.456735
    345045        14945000           63434                  513929.292487
    345053         2377000           13926                  417516.772996
    345054         6252000           35766                 1741738.079586
    345055         4330000         1718892                  329565.859294
    345056         3216000              47                  482900.017043
    345057         1240000          550669                    7235.679107
    345058          834000              10                   57582.788378
    345109          988054            3085                  173517.682090
    345110         3304931           10300                  920398.716170
    345111         9306000         3713497                  708366.192185
    345112         6453000              53                  968717.488519
    345113         1499000          670258                   30199.508461
    345114          480000               1                   53554.705968
    345211          250000            5891                  135080.974878
    345212          250000            5721                  215578.292599
    345217          480000           11499                  365226.823324
    346310          200000            6403                  152273.938356
    361607         2229000          497161                 7329835.350372
    363355         8965000              31                 5795084.355500
    363356         8954000         2226568                 5798104.492057
    363357         3953000               7                  368689.499939
    363358         8964000         2075208                  421818.674470
    363359        11946000           12816                 1784626.764443
    363360        11941000           12556                 1787130.816855
    363489         6800000           12968                 1065436.561883
    364100        13263350          529257                 8936223.697492
    364101         8283000          641715                 4779260.689438
    364102        13240500         1028228                 6782546.481498
    364103         9943600         2554551                 3615557.064805
    364104         3311700         1006471                 1192954.520856
    364105         9941200         3071121                 3470666.940820
    364106         7087200         3070673                 4217896.089934
    364107         4987200         2364611                 3324229.039172
    364108        20742900        10102652                14367137.174127
    364109         3321500         1973030                 2865543.427064
    364110         1249800          746177                 1146934.729860
    364111         2499200         1520021                 2344466.035649
    364112         3915000         2488106                 3894377.807838
    364113         1666896         1125418                 1622696.651254
    364114        13267100          411166                 8917788.640628
    364115         8007600          484104                 4599690.872632
    364116        11136600          681539                 5731496.005721
    364117         9951600         2028457                 3638099.621087
    364118         3249000          795373                 1179750.966277
    364119         7100000         1779310                 2485360.109064
    364120         8356000         3054785                 5011356.113882
    364121         3339800         1331334                 2226365.932588
    364122        19836900         8192844                13812677.977722
    364123         3424000         1707308                 2951583.782192
    364124         1736900          867661                 1593508.880810
    364125         6614550         3382686                 6203118.798487
    364126         4983200         2603025                 4930255.935873
    364127         1549400          834704                 1576109.757879
    364128         9991250            6245                 6723233.295485
    364129         6221450            7547                 3589004.081311
    364130         9985000           13005                 5147184.043481
    364131         9973500           50934                 3656688.450165
    364132         2499200           15161                  907590.722330
    364133         7498250           48931                 2612605.280586
    364134         8297000           92509                 4966303.561057
    364135         3749600           44584                 2506227.868068
    364136         8285000          105319                 5756186.477358
    364137         3318000           59829                 2858152.852916
    364138         1247900           21694                 1146158.138719
    364139         1909950           34405                 1791615.677436
    364140         3736900           74244                 3706375.605017
    364141         1247800           27584                 1270707.527983
    364156        41467000            2540                27891406.310241
    364157        16602000            3424                 9507825.300200
    364158        21750400            9860                13151562.408279
    364159        24839900           11978                 9077204.489511
    364160        12462900           12303                 4479665.419887
    364161        33016200           78396                13434928.073149
    364162        16761000           19826                10439801.157056
    364163        22432300           46836                15918364.786063
    364164        41501000          206125                30795290.648887
    364165         6248400           16756                 5473576.993397
    364166         3748650           13791                 3514044.918533
    364167         9960350           77329                 9547683.123243
    364168         9944900           57161                 9991646.084691
    364169         6645300           69711                 6828577.429056
    364170        41480000            2275                27911952.372653
    364171         9417000            1748                 5393789.135354
    364172        29379800           11633                17769161.503226
    364173        24588700           11266                 9012384.373058
    364174        16493300           14951                 6244184.811377
    364175        14852250           31862                 6040621.556015
    364176        16742000           18738                10421583.266112
    364177         9368350           18571                 6599092.947576
    364178        14547000           67460                10801447.090128
    364179         6239650           15717                 5461052.222654
    364180         3748350           12771                 3511933.139771
    364181         8724100           62703                 8360081.445216
    364182         9954050           51757                 9989635.619479
    364183         6643950           62423                 6857553.787732
    364184        41429000             182                27945045.927948
    364185         6025400              85                 3458709.438142
    364186        21460200             623                13046758.327297
    364187        20035000             940                 7331410.609803
    364188        16576000            1592                 6248831.814641
    364189        24946250            5666                10099506.171326
    364190        12499800            1981                 7784364.248804
    364191         9372400            2375                 6652458.521431
    364192        32487700           18912                24083922.177344
    364193         6247550            2674                 5474720.694147
    364194         3748600            2083                 3514109.744472
    364195         3747000            4235                 3589399.411334
    364196         7496000            7252                 7546031.763307
    364197         6634000           12484                 6818924.821220
    364222         4870600             115                 3408426.921798
    364223         3311700             141                 2438441.447730
    364242          100000           16529                    3793.531377
    364243          100000           15301                    1167.149682
    364249           70000            8109                    2173.433956
    364250        12406000          984881                 5207837.104707
    364253        13339600         1385722                 4600240.077789
    364254        11100000         1369002                 3790644.136152
    364255         9957000           10221                 2909865.293271
    364283          300000           55537                60644319.656826
    364284         2282000          404977                 2624609.217952
    364286          500000          120393                  498590.620885
    364302          417000          132452                  417884.862519
    364303          415000               1                  415894.820030
    364304          540000             954                  118624.201467
    364305          580000             910                  127426.665258
    364336           50000           23455                    3942.447981
    364337           30000           15067                    2344.335348
    364338           20000            7356                    7185.540518
    364339           10000            3717                    3596.098370
    364506          748000           39770                  486128.091106
    364513          249000            1255                  173111.894172
    364522        21723000            6361                13909559.793437
    364523         3341000            2320                 1930054.664105
    364524          420000            1098                  296361.369713
    364525          506000            3544                  417131.711682
    364527        19320000            6417                12306647.912633
    364528         3343000            2640                 1935484.179296
    364529          420000            1183                  296957.635699
    364530          492000            3719                  406138.130508
    364532        21658000             686                13814848.483230
    364533         3344000             395                 1940083.300901
    364534          418000             213                  294642.589843
    364535          504000             696                  419062.651430
    364848         1580000            6707                      54.445817
    364849          874000            9451                     618.167879
    364850         1056000            7993                      49.451228
    364851          938000              31                      26.539648
    364852         1695000         1189606                      14.073792
    364853         1695000              75                       9.959504
    364854          340000          241135                       0.597801
    366010        15914000              50                 7129013.800568
    366011        11060000              47                 5941461.350289
    366012          400000              14                  335237.762285
    366013          270000               9                  259742.510299
    366014         7872000              77                 5131693.582850
    366015          900000              23                  768755.803680
    366016          287000              12                  274421.392975
    366017         1214000              36                 1004379.737047
    366019         8333000               5                 3762458.400809
    366020         9966000              15                 4971852.685274
    366021          824000               7                  666104.348483
    366022          257000               4                  244524.013963
    366023         1668000               6                  943424.354813
    366024          498000               3                  399369.885065
    366025          310000               4                  291066.190160
    366026         1322998              18                  920990.958351
    366028        25160000               6                10748359.232733
    366029        16638000              12                 7552699.203372
    366030         1158000               4                  862135.798411
    366031          330000               5                  304976.868389
    366032         8339000              12                 4201895.785434
    366033         1000000               4                  722168.368669
    366034          826000              12                  741127.190844
    366035         1328000               4                  795625.181311
    366088          850000          211102                  845062.546095
    366300         2732000          109256                 1702953.496391
    366301         5202000          397734                 2768676.287662
    366303        26243000         6423905                 9391917.510304
    366304         6191000         1834019                 2091413.006905
    366306         3992000         1705007                 2166296.415820
    366309        21216000          673700                13182655.678627
    366310         3660000          218187                 1941713.186330
    366312        17935000         3552017                 6175992.720002
    366313         6187000         1472793                 2099217.243597
    366315         3999000         1470929                 2163031.541220
    407345        14017000          915222             10097786889.605896
    407347         2189975          150016              1509922067.902039
    410155         8402000          716100                 4604825.822803
    410156         2001000           74022                  310260.300467
    410157          580000           22935                  306880.502399
    410218         2080000          902443                   76693.014307
    410219         2173000         1002334                   80098.106799
    410220          958000           96997                   35092.028920
    410464        72049000          603429             51257148462.008911
    410465        18882000         5429606             13438435453.451538
    410470       155810000         9983594            113765174734.001892
    410471        20000000            1718             14603306122.021240
    410472       134122000        39068273             97931353868.752930
    410560         1322000          127431                      57.834060
    410644         3305000           11373                 6699455.012126
    410645         3317000           12131                 4207585.823102
    410646        15663000          401301               594537655.679535
    410647        16556000          425991               627923457.974918
    410648         1259400          267183                 5037274.811750
    410649         1654900          352125                 6613117.996402
    410658        16581800           52910               613991930.354599
    410659        16597700           56266               368405679.101729
    450830           20000            6663                   20000.000000
    450831           20000            6060                   20000.000000
    450832           20000            5760                   20000.000000
    450858           20000            8980                   20000.000000
    450859           20000            9189                   20000.000000
    450860           20000            9243                   20000.000000
    450861           20000            9781                   20000.000000
    450862           20000           10171                   20000.000000
    450863           20000           10781                   20000.000000
    450864           20000           10974                   20000.000000
    450865           20000           10919                   20000.000000
    450866           20000           10818                   20000.000000
    450867           20000           10477                   20000.000000
    450868           20000           10127                   20000.000000
